3.8388872588421995185866224504354645970819150157
3.8388872588421995185866224504354645970819150157
3.8388872588421995185866224504354645970819150157
5.353601341189050410918048311031446376357372198
5.353601341189050410918048311031446376357372198
5.353601341189050410918048311031446376357372198
5.353601341189050410918048311031446376357372198
8.249554815200658121890106450682456568390578132
8.249554815200658121890106450682456568390578132
14.72621678778883204128931844218483598373384446932
14.72621678778883204128931844218483598373384446932
14.72621678778883204128931844218483598373384446932
14.72621678778883204128931844218483598373384446932
15.04891613326704874618158434025881127570452711372
15.04891613326704874618158434025881127570452711372
15.04891613326704874618158434025881127570452711372
18.65881962726019380629623466134099363131475471461
18.65881962726019380629623466134099363131475471461
18.65881962726019380629623466134099363131475471461
20.5198597341420020011497712606420998241440266544635
20.5198597341420020011497712606420998241440266544635
20.5198597341420020011497712606420998241440266544635
20.5198597341420020011497712606420998241440266544635
23.0785584813816351550752062995745529967807846993874
28.079605737677729081562207945001124964945310994142
28.079605737677729081562207945001124964945310994142
28.079605737677729081562207945001124964945310994142
30.833042737932549674243957560470189329562655076386
30.833042737932549674243957560470189329562655076386
30.833042737932549674243957560470189329562655076386
30.833042737932549674243957560470189329562655076386
32.673649616078808024835881708101467682343233419788
36.238391682153090252541097475258348826678278284916
36.238391682153090252541097475258348826678278284916
38.961815762404954429007897408412404014049359256218847
38.961815762404954429007897408412404014049359256218847
38.961815762404954429007897408412404014049359256218847
38.961815762404954429007897408412404014049359256218847
40.115892130244231315266862432607
40.115892130244231315266862432607
40.115892130244231315266862432607
42.856699987946101188392355018629
42.856699987946101188392355018629
42.856699987946101188392355018629
42.856699987946101188392355018629
44.017132939875406850875308573417
44.017132939875406850875308573417
44.017132939875406850875308573417
50.554168578580966189349730555587
50.554168578580966189349730555587
50.554168578580966189349730555587
57.487409496559122595195328871812
57.487409496559122595195328871812
57.487409496559122595195328871812
57.487409496559122595195328871812
59.465324824240877328149191318638
59.465324824240877328149191318638
59.465324824240877328149191318638
59.465324824240877328149191318638
61.026311384742424604779912385456
61.026311384742424604779912385456
62.635667349119337819639068142603
62.635667349119337819639068142603
62.635667349119337819639068142603
67.61053194804975151687494410762
67.61053194804975151687494410762
67.61053194804975151687494410762
71.421844050412986976000701191177
71.421844050412986976000701191177
71.421844050412986976000701191177
71.421844050412986976000701191177
73.66381183404159895425160849606
73.66381183404159895425160849606
74.92670839769283328311748797245
75.538859871267300467580754658597
75.538859871267300467580754658597
75.538859871267300467580754658597
75.674799635019497084747589164148
75.674799635019497084747589164148
75.674799635019497084747589164148
75.674799635019497084747589164148
86.188573500574508197635311167201
86.188573500574508197635311167201
86.188573500574508197635311167201
86.188573500574508197635311167201
86.709304688722396131717629673031
86.709304688722396131717629673031
86.709304688722396131717629673031
91.464862590779935859345447409101
93.37499230137436969931384363459
93.37499230137436969931384363459
93.37499230137436969931384363459
93.37499230137436969931384363459
97.87771393910198169802772468544
97.87771393910198169802772468544
97.87771393910198169802772468544
100.70959698354949508710734793032
100.70959698354949508710734793032
100.70959698354949508710734793032
102.30849913867264802542256610199
102.30849913867264802542256610199
102.30849913867264802542256610199
105.55434902947963075503134863909
105.55434902947963075503134863909
105.55434902947963075503134863909
105.55434902947963075503134863909
110.99856191467259243698935146493
110.99856191467259243698935146493
110.99856191467259243698935146493
110.99856191467259243698935146493
111.00376849927002282784034227472
111.00376849927002282784034227472
111.68512287462037966720167988193
111.68512287462037966720167988193
111.68512287462037966720167988193
111.68512287462037966720167988193
115.20644256637035565741814709511
115.20644256637035565741814709511
115.20644256637035565741814709511
116.60251775546229662661557737308
120.44374683383610956870010341381
126.53751404098511968619365639567
126.53751404098511968619365639567
126.53751404098511968619365639567
127.17456727127564966587125904365
127.17456727127564966587125904365
127.17456727127564966587125904365
127.17456727127564966587125904365
132.66649857549525425475801131025
132.66649857549525425475801131025
132.66649857549525425475801131025
133.74758479509758531920233459708
133.74758479509758531920233459708
133.74758479509758531920233459708
133.74758479509758531920233459708
135.94129112365274974702740213122
135.94129112365274974702740213122
144.59422507684493830465512603521
144.59422507684493830465512603521
144.59422507684493830465512603521
144.59422507684493830465512603521
146.33962745123954725598139644403
146.33962745123954725598139644403
146.33962745123954725598139644403
147.10745700350203137778080903066
147.10745700350203137778080903066
147.10745700350203137778080903066
148.43907309717906404479403358448
148.43907309717906404479403358448
151.09068005087837047333328984911
151.09068005087837047333328984911
151.09068005087837047333328984911
151.09068005087837047333328984911
154.5083778990512493040387592523
154.5083778990512493040387592523
154.5083778990512493040387592523
154.5083778990512493040387592523
159.07855736971150574572454180053
159.07855736971150574572454180053
159.07855736971150574572454180053
164.51868489527159945600623270492
164.51868489527159945600623270492
164.51868489527159945600623270492
166.76976747161681355389537064032
166.76976747161681355389537064032
166.76976747161681355389537064032
166.76976747161681355389537064032
167.99861671825354120689125403905
167.99861671825354120689125403905
167.99861671825354120689125403905
169.20449400139391417106181462953
170.72363451762035719758927167042
170.72363451762035719758927167042
170.72363451762035719758927167042
170.72363451762035719758927167042
175.22898774544270539420470110758
175.22898774544270539420470110758
175.22898774544270539420470110758
182.09522553063570671095940844958
182.09522553063570671095940844958
182.09522553063570671095940844958
182.09522553063570671095940844958
185.2020252162545946523991844147
185.2020252162545946523991844147
189.53391468608173746363245567205
189.53391468608173746363245567205
193.03610366052492320705590162956
193.03610366052492320705590162956
193.03610366052492320705590162956
193.03610366052492320705590162956
195.43614667617248823774026434388
195.43614667617248823774026434388
195.43614667617248823774026434388
199.32631952240683481823626754341
200.56693007745839712066634125205
200.56693007745839712066634125205
200.56693007745839712066634125205
200.78698602388711851686692477576
200.78698602388711851686692477576
200.78698602388711851686692477576
200.78698602388711851686692477576
201.45107899908566676364460759142
201.45107899908566676364460759142
201.45107899908566676364460759142
204.35677726177200090253188099852
204.35677726177200090253188099852
204.35677726177200090253188099852
204.35677726177200090253188099852
210.77296742187943970905248204996
210.77296742187943970905248204996
210.77296742187943970905248204996
210.77296742187943970905248204996
211.42538727706934845151313799033
211.42538727706934845151313799033
211.42538727706934845151313799033
214.45214587229753488044832805733
221.60751234343370370785041647713
221.60751234343370370785041647713
221.60751234343370370785041647713
221.60751234343370370785041647713
222.37112420711407857426264718736
223.64857207543006628304657965727
223.64857207543006628304657965727
223.64857207543006628304657965727
223.92084469108396742684280425013
223.92084469108396742684280425013
228.56367852156085589964978888629
228.56367852156085589964978888629
228.56367852156085589964978888629
228.56367852156085589964978888629
229.77917289649970152955009474798
229.77917289649970152955009474798
229.77917289649970152955009474798
237.55204055393078641661870831323
237.55204055393078641661870831323
237.55204055393078641661870831323
237.55204055393078641661870831323
237.66538316575346484513640474796
237.66538316575346484513640474796
237.66538316575346484513640474796
239.34860017217463135558884298643
239.34860017217463135558884298643
239.34860017217463135558884298643
249.66633556148623712215720238831
249.66633556148623712215720238831
249.66633556148623712215720238831
249.66633556148623712215720238831
253.79098578404830197004249212563
253.79098578404830197004249212563
253.79098578404830197004249212563
253.79098578404830197004249212563
256.69280480059646055217237695304
257.30906403459645821984509541817
257.30906403459645821984509541817
257.30906403459645821984509541817
259.81151322343654581307624501426
259.81151322343654581307624501426
259.81151322343654581307624501426
261.51029577822652078092091323947
261.51029577822652078092091323947
261.51029577822652078092091323947
261.51029577822652078092091323947
263.61078656264989587501086128421
263.61078656264989587501086128421
263.61078656264989587501086128421
265.47933256075230672213614594038
265.47933256075230672213614594038
269.73696673431979228361521053277
269.73696673431979228361521053277
269.73696673431979228361521053277
269.73696673431979228361521053277
269.80811497519906278968481767458
276.78385831419619176272568139852
276.78385831419619176272568139852
280.19365481843944731534302894926
280.19365481843944731534302894926
280.19365481843944731534302894926
280.19365481843944731534302894926
280.97436233837711792369019118282
280.97436233837711792369019118282
280.97436233837711792369019118282
280.97436233837711792369019118282
281.54079391120256470565245257783
281.54079391120256470565245257783
281.54079391120256470565245257783
284.49949636139490954599660822264
284.49949636139490954599660822264
284.49949636139490954599660822264
289.50111873444700012551252171965
289.50111873444700012551252171965
289.50111873444700012551252171965
290.07138984830346919498900167238
290.07138984830346919498900167238
292.90722407011920684457202123934
292.90722407011920684457202123934
292.90722407011920684457202123934
292.90722407011920684457202123934
297.20785870931420496256502336884
297.20785870931420496256502336884
297.20785870931420496256502336884
306.68023281412262250698805963676
307.52284822235069097464619592143
307.52284822235069097464619592143
307.52284822235069097464619592143
307.52284822235069097464619592143
308.22058006445537546409807706092
308.22058006445537546409807706092
308.22058006445537546409807706092
308.22058006445537546409807706092
311.90469753616058599390401817382
311.90469753616058599390401817382
311.90469753616058599390401817382
311.90469753616058599390401817382
318.9218280347745389237009978545
318.9218280347745389237009978545
318.9218280347745389237009978545
319.667096942
319.667096942
319.667096942
320.949890421
320.949890421
327.178103389
327.178103389
327.178103389
327.940697378
327.940697378
327.940697378
333.048977378
333.048977378
333.048977378
333.048977378
335.554163565
335.554163565
335.554163565
335.554163565
337.265345316
339.591120712
339.591120712
339.591120712
340.29089588
340.29089588
340.29089588
340.29089588
344.241527261
344.241527261
346.562353605
346.562353605
346.562353605
346.848492209
346.848492209
346.848492209
346.848492209
357.826682222
357.826682222
357.826682222
357.826682222
359.686417606
359.686417606
359.686417606
359.962456665
359.962456665
359.962456665
364.34885543
364.34885543
364.34885543
368.772031772
368.772031772
369.255818842
369.255818842
369.255818842
369.255818842
369.589915027
369.589915027
369.589915027
369.589915027
374.64905826
376.684700249
376.684700249
376.684700249
376.684700249
386.647244705
386.647244705
387.143859055
388.198646881
388.198646881
388.198646881
389.702245052
389.702245052
389.702245052
394.577766466
395.187768066
395.187768066
395.187768066
396.219291216
396.219291216
396.219291216
396.219291216
396.226350777
396.226350777
396.226350777
396.226350777
405.406100824
408.044568826
408.044568826
408.044568826
408.044568826
412.610108375
412.610108375
412.610108375
415.422598149
415.422598149
415.422598149
420.03008361
420.03008361
420.03008361
420.03008361
421.325166039
421.325166039
421.325166039
421.325166039
424.115203472
424.115203472
424.115203472
424.25162301
424.25162301
424.25162301
428.308945626
428.308945626
428.308945626
428.308945626
428.600317526
428.600317526
429.955371629
429.955371629
429.955371629
429.955371629
431.392628742
431.392628742
431.392628742
440.148043546
440.148043546
442.848541637
444.159809173
444.159809173
444.159809173
444.159809173
445.082288201
445.082288201
445.082288201
452.571043228
452.571043228
452.571043228
457.395667577
457.395667577
457.395667577
457.395667577
461.705632724
461.705632724
461.705632724
461.705632724
464.342208998
464.342208998
464.342208998
465.306121491
465.306121491
465.306121491
469.61835946
469.61835946
469.61835946
469.61835946
469.924438618
469.924438618
469.924438618
475.172001174
475.450635897
475.450635897
475.450635897
475.450635897
482.009499828
482.009499828
484.8329768
484.8329768
484.8329768
485.790359652
485.790359652
491.116344284
491.116344284
491.116344284
491.116344284
492.225140726
492.225140726
492.225140726
492.225140726
497.103615438
497.103615438
497.103615438
500.662481234
501.9652469
501.9652469
501.9652469
508.530586424
508.530586424
508.530586424
508.530586424
508.626284357
508.626284357
508.626284357
509.421828958
509.421828958
509.421828958
509.421828958
512.278373032
515.681592234
515.681592234
515.681592234
515.681592234
515.89177166
515.89177166
519.32216096
519.32216096
519.32216096
520.006822347
520.006822347
520.006822347
520.006822347
524.918733414
524.918733414
524.918733414
527.603869325
527.603869325
533.514646139
533.514646139
533.514646139
533.514646139
535.495448125
535.495448125
535.495448125
540.377518163
540.377518163
540.377518163
542.223161312
542.223161312
542.223161312
542.223161312
545.714604059
545.714604059
545.714604059
547.608489094
547.608489094
547.608489094
547.608489094
549.082406979
549.082406979
557.978899679
557.978899679
557.978899679
557.978899679
559.37168229
559.37168229
559.37168229
566.04273238
566.04273238
566.04273238
566.04273238
568.26530443
568.26530443
568.26530443
568.943071045
570.215635033
570.215635033
570.215635033
573.776623384
573.776623384
573.776623384
576.801928707
576.801928707
576.801928707
576.801928707
583.19037121
583.19037121
583.19037121
583.19037121
583.4728044
588.712362737
588.712362737
588.712362737
590.728683167
591.620117827
591.620117827
591.620117827
591.620117827
599.952618019
599.952618019
601.964121964
601.964121964
601.964121964
601.964121964
602.338148913
602.338148913
603.47341219
603.47341219
603.47341219
607.089333775
607.089333775
607.089333775
607.545266302
607.545266302
607.545266302
607.545266302
607.72979029
607.72979029
607.72979029
607.72979029
611.475948071
611.475948071
611.475948071
614.814780068
614.814780068
614.814780068
614.814780068
617.746557268
617.746557268
617.746557268
625.53090477
627.264644265
627.264644265
627.264644265
630.256006931
630.256006931
630.256006931
630.256006931
632.20802518
632.20802518
632.20802518
637.147348261
637.147348261
637.147348261
637.289972062
637.289972062
640.2942601
643.213905748
643.213905748
643.213905748
643.213905748
646.288769659
646.288769659
646.288769659
646.288769659
647.703989171
654.928218992
654.928218992
654.928218992
654.928218992
655.85641303
655.85641303
655.85641303
655.85641303
657.271129864
657.271129864
661.021983625
661.021983625
661.021983625
664.343353156
664.343353156
664.343353156
667.398172229
667.398172229
667.398172229
667.586760632
670.752593535
670.752593535
670.752593535
670.752593535
677.946206864
677.946206864
677.946206864
677.946206864
684.393115143
684.393115143
687.417483679
687.417483679
687.417483679
687.417483679
688.718548564
688.718548564
688.718548564
689.641414262
689.641414262
689.641414262
692.080777532
692.080777532
692.080777532
692.155426486
692.155426486
692.155426486
692.155426486
698.821979345
698.821979345
698.821979345
703.040229725
703.040229725
703.040229725
706.507509738
706.507509738
706.507509738
706.507509738
712.362167022
712.362167022
712.362167022
712.362167022
716.125722512
716.125722512
716.125722512
716.125722512
717.825041149
717.825041149
717.825041149
722.531554972
722.531554972
722.752267332
722.752267332
722.752267332
722.802543326
722.802543326
723.62120042
728.586943198
728.586943198
728.586943198
728.586943198
729.610779044
729.610779044
729.610779044
729.764506532
729.764506532
729.764506532
729.764506532
733.821193173
734.68823569
734.68823569
734.68823569
739.189040704
739.189040704
739.189040704
739.189040704
743.770197526
743.770197526
743.770197526
753.353614056
753.353614056
753.353614056
753.353614056
754.840065421
754.840065421
754.840065421
754.840065421
757.245994423
758.152806682
758.152806682
760.72529119
760.72529119
760.72529119
761.784647551
761.784647551
761.784647551
761.784647551
762.337864715
762.337864715
762.337864715
767.218544353
767.218544353
767.218544353
767.218544353
780.934331782
780.934331782
780.934331782
783.936470398
783.936470398
784.054588555
784.054588555
784.054588555
785.012287848
785.012287848
785.012287848
788.020928266
788.020928266
788.020928266
788.020928266
793.005714159
793.005714159
793.005714159
793.15628265
793.15628265
796.345186669
796.345186669
796.345186669
796.345186669
803.566156468365
803.566156468365
803.566156468365
805.208385276257
805.208385276257
805.208385276257
805.208385276257
805.780063278532
805.780063278532
806.837215867069
806.837215867069
806.837215867069
806.837215867069
808.156309696439
808.156309696439
808.156309696439
808.156309696439
812.873154670182
815.034291550977
815.034291550977
815.034291550977
815.034291550977
818.53647295731
818.53647295731
818.53647295731
821.131957844614
821.84545116041
824.929347779388
824.929347779388
824.929347779388
835.299539903573
835.299539903573
835.299539903573
836.677560509161
836.677560509161
836.677560509161
836.677560509161
840.702680039615
840.702680039615
840.702680039615
840.702680039615
841.052447494552
841.052447494552
841.052447494552
842.955492196851
842.955492196851
842.955492196851
843.634180579553
843.634180579553
843.634180579553
843.634180579553
847.39312963747
847.39312963747
850.469787750542
850.469787750542
850.469787750542
852.498764494653
852.498764494653
852.498764494653
852.498764494653
854.062372155543
854.062372155543
854.062372155543
854.062372155543
855.80667702981
855.80667702981
855.80667702981
863.500462180873
863.500462180873
863.500462180873
867.127521969219
870.24427576382
870.24427576382
870.24427576382
870.24427576382
875.626335330834
875.626335330834
875.626335330834
875.626335330834
876.255790293778
876.255790293778
878.867416798756
878.867416798756
878.867416798756
880.280980068888
880.280980068888
880.280980068888
886.337843933347
886.337843933347
886.337843933347
886.337843933347
888.485777560264
892.321899213652
892.321899213652
892.321899213652
892.321899213652
892.539639159003
892.539639159003
892.539639159003
898.313204852483
898.313204852483
898.313204852483
902.173027543338
905.741107852802
905.741107852802
905.741107852802
905.741107852802
906.547979272869
906.547979272869
906.547979272869
911.754187266756
911.754187266756
915.088473232409
915.088473232409
915.088473232409
915.088473232409
918.6124069494
918.6124069494
920.648174956524
920.648174956524
920.648174956524
921.363247051631
921.363247051631
921.363247051631
921.363247051631
923.519069879669
923.519069879669
923.519069879669
923.519069879669
924.167907444804
924.167907444804
924.167907444804
932.142067367639
932.142067367639
932.142067367639
932.142067367639
932.383401323676
932.383401323676
932.383401323676
938.494713836254
938.494713836254
938.494713836254
938.494713836254
941.470531647868
946.015543431486
946.223310575764
946.223310575764
946.223310575764
948.125820319044
948.134163384416
948.134163384416
950.168074489512
950.168074489512
950.168074489512
958.96494234931
958.96494234931
958.96494234931
958.96494234931
959.153566423758
959.153566423758
959.153566423758
959.153566423758
960.664261546915
960.664261546915
960.664261546915
964.508859288869
964.508859288869
964.508859288869
964.508859288869
966.973935318451
966.973935318451
966.973935318451
968.132612400399
968.132612400399
968.132612400399
968.132612400399
971.304664979493
971.304664979493
971.304664979493
975.542959671643
975.542959671643
975.542959671643
977.002056114711
977.002056114711
977.002056114711
978.188498715498
978.64206176419
978.64206176419
978.64206176419
978.64206176419
984.985487626332
984.985487626332
984.985487626332
984.985487626332
986.385869627879
986.385869627879
996.92067181536
996.92067181536
997.639517920098
997.639517920098
997.639517920098
997.639517920098
998.050919986626
998.050919986626
