1.72486380361313
3.83888725884142
4.03549171358573
5.3728145002439
7.1601978604264
7.1601978604264
8.24955481520061
8.24955481520061
8.80289835813472
9.62296119407318
10.6518696025268
13.3098319242597
13.3098319242597
15.0489161332679
15.1795451705331
15.6221052024606
18.0334777810794
18.6588196272604
18.6911454141019
22.3843690962536
23.0785584813819
24.3909175550192
24.8910582348928
27.0783138306746
27.0783138306746
27.5911301684852
27.5911301684852
28.0733388809501
28.0796057376773
30.2025259052209
31.5352098720909
32.6736496160812
35.0177547710552
35.4732129651989
36.2383916821546
36.2383916821546
37.2820377683708
38.2354168953432
38.8032193930702
38.8032193930702
40.1158921302446
42.2115816335088
44.0171329398711
45.2115963565512
45.5606933736432
45.5606933736432
47.1990148673522
47.7963029476579
48.8605701342307
50.5541685785811
50.7368498500889
54.291930084634
54.6599034657719
56.1343110538873
56.1343110538873
59.2091109478395
59.2956578595595
61.0263113847396
61.0263113847396
61.5786722320004
62.6356673491178
63.7705684543949
64.6460764382552
64.6460764382552
67.6105319480467
68.4113475440034
68.705842642883
68.937673137522
69.4914427358181
72.1499319044399
72.1499319044399
73.6638118340361
73.6638118340361
74.2590164440675
74.4459941586016
74.4459941586016
74.9267083976828
75.3935262454708
75.5388598712629
77.2732385733592
79.9119698697639
82.9561027567138
83.7315382811636
85.0239846782101
86.7093046887289
87.9850572786685
87.9850572786685
88.3595908393291
91.2453989142603
91.4648625907971
91.8105725504181
93.2522659834223
93.3119594433088
93.3119594433088
95.2621547613449
97.4165689031705
97.8777139391115
99.6129611413596
100.709596983545
102.308499138712
103.618720896866
103.618720896866
103.670169802656
104.246297852812
104.283487060051
106.745174061023
109.593099372546
111.003768499272
111.003768499272
111.244693630572
111.733761757139
111.733761757139
113.504902099284
115.206442566376
116.60251775546
118.066473076832
120.271599605553
120.443746833826
120.61260763834
120.765099533349
122.644301776498
122.644301776498
124.920311786703
124.948453322328
126.518938356757
126.537514040965
126.908977473114
128.818381880019
128.818381880019
129.552833466703
129.552833466703
130.139596740554
132.666498575508
135.941291123642
135.941291123642
136.289760900234
137.423312334044
138.093689715077
138.900172820631
139.086365296809
139.086365296809
141.590790819679
144.682894825626
146.293907692996
146.339627451239
147.107457003496
147.601437404893
148.439073097191
148.439073097191
149.746293642014
152.46681713601
153.278298740368
154.623095018466
154.623095018466
154.658094946173
154.72311695173
154.72311695173
156.862015491014
159.078557369721
160.886271270294
162.049594885913
164.518684895277
164.812966336988
167.481425345967
167.587431439746
167.998616718262
168.091033743645
168.563118817815
169.204494001417
172.799088688234
172.799088688234
174.69431281912
175.228312403841
175.228312403841
175.228987745447
178.928112190843
179.50797176955
180.12827365385
180.432557530011
181.846905181012
181.846905181012
181.954182193702
184.170690120279
185.202025216266
185.202025216266
187.187701491293
189.533914686062
189.533914686062
190.227928023718
190.227928023718
192.258094959569
194.800727807238
195.436146676176
195.585789836118
195.945751038682
196.138348882061
196.838176374085
199.326319522427
199.537521805993
199.537521805993
200.566930077461
201.451078999098
202.648456794157
202.709494626604
204.397002274837
205.30605720789
206.875831509941
206.875831509941
210.659371211881
211.425387277056
211.941991933562
211.941991933562
214.452145872283
215.198561438906
215.638612128551
216.823761790461
218.021181118568
219.672413387699
220.498005481441
221.133446449362
221.133446449362
222.371124207157
222.962635111003
223.648572075434
223.920844691098
223.920844691098
224.43907219367
226.103438392408
229.48483820474
229.48483820474
229.77917289655
232.435502468031
233.550016645372
233.878292520658
235.738471704638
236.347549269626
237.665383165778
239.071216657262
239.348600172205
240.970742701231
242.264504631216
242.264504631216
243.398901367524
246.157715844691
247.941150087992
247.941150087992
250.033229616462
250.552851878108
252.689039495178
253.213684499852
254.194277320804
254.194277320804
255.445518078398
255.548843641921
256.692804800639
257.309064034632
258.39394573321
259.811513223473
263.492027236997
263.492027236997
263.61078656268
263.84388808342
264.350462863855
265.479332560766
265.479332560766
265.971343333181
267.586917591668
269.462705419388
269.808114975216
272.105041375257
272.361892757382
272.361892757382
274.135315051799
276.672745901924
276.783858314245
276.783858314245
277.079013960813
278.944829184954
281.308556081528
281.308556081528
281.540793911207
283.301684089569
283.697344668554
284.499496361359
285.649896970276
287.450522247174
287.450522247174
288.392985060004
288.483943388932
289.501118734468
289.52599289504
289.52599289504
290.071389848328
290.071389848328
292.964862773327
293.318781818013
295.107538344714
297.124124538035
297.207858709362
300.576638192192
301.444495716146
303.451118714068
304.442111077386
304.442111077386
304.633713306344
306.680232814159
309.194426310991
309.194426310991
311.093075073012
311.343726514342
312.385889931627
313.241720884175
313.241720884175
313.302984122549
314.199997251559
314.850052344003
318.921828034779
319.667096937987
320.062383635514
320.949890416309
320.949890416309
321.463702344169
327.123415165335
327.133476182571
327.17810337448
327.318041463122
327.940697373008
329.739992268363
330.274093574535
330.431915091383
330.431915091383
335.672895206672
336.312861789511
336.312861789511
336.861117337102
337.26534529681
337.630053143271
338.852701524477
339.591120693993
339.608753925062
339.608753925062
339.844531707122
341.389925895179
344.241527253743
344.241527253743
345.809220831295
346.56235359929
349.921092953633
351.215641736607
351.631502287766
354.210694995166
354.602090790481
357.109234260903
357.109234260903
357.229581274122
359.078337377776
359.531501676184
359.531501676184
359.686417597678
359.962456658724
360.703386889073
364.348855424896
364.703659002991
368.772031767155
368.772031767155
368.867731939512
369.442871738124
369.442871738124
369.905805063939
370.17726810598
371.041970842784
371.752207310972
373.532003187412
374.130161812062
374.130161812062
374.649058254962
378.175112020387
378.175112020387
379.08231062375
380.342840847074
381.72473815263
383.411630414759
383.781816814182
386.647244698186
386.647244698186
387.143859049091
388.198646873859
389.702245045306
390.126447634199
391.788135598428
393.3234842959
394.577766445732
394.934826012353
395.187768050616
395.364000977699
395.364000977699
395.466900196622
396.968281449712
397.651427669059
397.844385042818
397.844385042818
401.409078364813
402.803058124976
404.096328312794
405.406100804616
405.724543600409
405.724543600409
406.497825419319
409.240410428104
411.592128736344
411.592128736344
412.578115255375
412.610108358851
415.422598142403
416.010133582306
416.284822653566
416.284822653566
416.955506079246
419.081217725641
420.317676864621
420.696649543727
423.825716069198
424.115203465243
424.251623003356
424.683586643652
425.445823342894
427.770333903153
428.600317519497
428.600317519497
431.29368355351
431.29368355351
431.392628736362
436.368552310258
438.874751328965
438.895632272228
438.895632272228
439.042580599054
439.531771081283
439.6199434387
440.1181865993
440.148043539524
440.148043539524
441.469893984787
442.848541628754
443.207562441474
445.082288179823
447.933420247674
449.349820875573
449.400072226182
451.385806723642
452.571043220445
453.771744625686
454.163000037874
454.163000037874
454.214261873386
454.214261873386
457.538650528029
460.221671174272
461.053629277467
464.342208976937
465.306121481162
466.673428394649
466.673428394649
467.092503107588
467.360784460398
469.924438609094
470.559401703105
471.091309019572
472.942913170445
473.749588425497
473.96720876637
474.685032489788
474.685032489788
475.172001166855
475.724524042757
475.724524042757
476.036225319904
478.493622868918
479.413590317182
482.009499819944
482.009499819944
484.832976780043
485.608320640759
485.790359645219
485.790359645219
486.918217261333
486.918217261333
487.07079319852
487.44564003751
487.762699243922
491.963375270533
491.963375270533
495.464559475965
497.103615419638
497.345377508904
497.855617153027
498.307284877781
498.464983955725