0.553963676393895
2.38556450849256
3.06059827182848
3.45266064535366
3.92291924049445
6.72390549332759
6.84196734840171
8.0103558378859
9.87124776421193
11.1492361928511
12.253329171233
13.1133223072942
13.8362646716479
14.990361040157
16.7065809379217
18.198857612274
18.5397366806528
18.9115196565169
19.4111280855447
22.3015778056047
24.2658452639576
24.6972433589227
24.9406782713393
25.7009880687036
27.2460927205037
29.0560757206083
29.1772723086191
29.8287642506328
31.4999373937424
32.1032252133981
32.3752547156246
32.4121263488544
34.2459507124775
34.5046722072443
37.4443156221772
37.875455781954
39.3931320536824
39.5649964271881
40.6454696141632
41.7446961438536
41.9082959829065
42.5971439776353
42.914470169408
44.6923550865281
45.3684841967236
47.4096722329438
47.6037730701285
48.7251688014585
49.7367414940842
50.1407979813648
51.1547775359084
51.7351648411592
55.2563105133359
55.7007609721625
56.1461706816549
57.002952655487
57.3287026292103
57.4063559417649
57.7558544463521
58.3795230552402
58.6895523114097
59.9489750669083
60.9083055264602
61.6391734973696
62.790994962027
65.3950734248375
67.1957598664093
68.0936909866416
68.7665924693062
69.4437139834055
69.7492819762853
72.6393715054638
73.0282295190181
74.5597724817974
75.0178085316574
78.5433853407119
78.8420442672111
79.0396228883182
79.9266674536742
79.9572098556965
81.0840643142784
81.7277082798664
82.0239254888537
83.3287434625681
84.0973512195915
87.2257751205615
87.3537824125576
88.3627053060479
89.9499278866912
90.6412784587047
91.619140226426
91.7004084368582
92.487267695983
92.9087925308472
95.2663957886057
96.0719615448006
96.9812099476279
100.58235971872
100.911495548975
101.431032154572
101.613609316012
102.980057793161
104.082543687941
105.118830792723
106.728497936778
107.340391334687
108.803530675379
109.645280445654
110.852413131855
111.28636751115
113.092651472155
113.466341987397
113.854046519709
114.023777233802
115.644681582526
115.981435874157
117.490898934054
119.451405286646
121.991479969822
122.14806026453
122.48791383195
123.082522115206
123.904549176961
126.607194407623
126.77194373857
127.262437101609
129.511421614446
129.74521509453
130.114937985055
131.034853870797
131.050012710611
135.336051871046
135.412489345109
136.474041155706
138.324771820072
138.522883004244
140.183596204263
140.710332403519
141.729474913344
143.055088661976
143.31255995677
143.604888672913
145.556478870592
145.999250325785
146.407632147946
146.88144567537
148.385624866055
149.56243338281
149.852201031481
152.051731883474
152.682166754669
152.855212402021
155.222872654431
155.289054227735
157.280795483
157.434513632091
157.996929691223
159.141481632351
160.401222904503
160.635777306809
162.895410405338
163.687592412181
165.502556480607
165.978924124318
166.059481203821
167.152017280597
167.304055648627
168.569995070767
169.257561239174
169.816912611283
170.180381504814
171.835945757183
174.643361559105
175.092607060921
175.605095600345
175.655337100581
177.102205880767
178.534827372702
181.010204641453
181.447740962881
181.525068269121
182.602516323729
184.619980720219
185.48296254705
186.037449046443
186.648589065072
186.892386915382
188.180169356032
188.545083925634
191.640921265014
193.491641261827
193.589531304367
193.852690672881
194.02920982828
195.350144307322
196.182251161569
196.319978309245
198.041951724973
200.022759169302
200.059651735375
200.357478658163
200.902706384668
202.896068975249
205.401253861255
205.94529563759
206.980753771124
207.22805535767
208.658565261126
209.11507359115
210.382254650216
210.42307065473
211.534047794649
211.719908649596
213.115537083023
214.026611810983
215.02398238118
215.037035110041
216.924304531262
218.586697742746
220.02882353788
221.858155562484
222.241077546963
223.894298679994
224.032965008619
224.601026418494
224.696542598782
225.426270239656
227.78467563745
229.313707204314
229.429029573889
230.353866508484
231.434592021825
232.742809208615
235.133865334999
235.424573475333
237.667441793479
237.96080364823
238.284096378733
238.351522132148
239.044901776373
240.936084054244
241.515118253683
242.795580602751
245.339406505977
245.403547258386
246.90162208633
247.381195979258
247.595284387122
249.475977442715
249.619141224553
249.798031251363
251.34357679266
252.768290392055
254.034992307023
254.341203302547
255.16849853586
257.094715819127
259.17550392276
259.602792224878
260.751057253369
262.43781090443
263.070308528411
263.391364977106
263.968835785849
265.583536841019
267.488258650537
268.798063412778
270.382278584727
271.336487300241
271.351673542646
271.450740025734
273.52262014836
274.016253286406
274.690377238931
276.824938538644
277.823770657846
277.898453660128
277.997441252306
278.147530831763
279.906415210649
281.458712284082
283.455332356263
285.070069824102
286.267147053907
286.640906412035
287.057660290006
287.445904199541
288.869748993754
289.800695944139
291.211008427768
292.096138946161
292.839933292934
292.915778151695
296.508768674536
296.686198826726
297.675211822534
298.41480758909
298.618491097783
298.797366316405
302.269049476472
302.502025339506
302.651649051251
304.72201152736
304.737654175219
305.237342855258
306.428428065077
306.92297153372
310.804752546738
311.856866712965
313.071067466207
313.111161625728
313.424718954384
314.586721894231
314.731214770483
315.593661243972
315.644459969439
317.718557011345
320.69725464908
320.866330056404
321.46282971134
322.673903438903
323.459683852254
325.350024205785
326.202066610735
327.625746630643
327.729260116429
329.389117151454
329.593225585169
330.603996397202
331.012564693889
332.01600587479
333.867304707012
334.611204513792
337.103904975997
337.87675005804
338.436797517547
338.771438547785
338.893647857435
341.144971835968
342.02464456793
342.955106463806
344.504250729148
344.785783552567
345.253702790731
345.431568795417
346.868820511271
347.105074899318
347.737109717686
350.635737197079
351.760816456194
352.732421741923
353.144546635679
354.061623716509
355.478269611624
356.750139481157
356.968962945075
357.318586630672
358.892433859126
360.569638450828
361.653677065163
361.886576884286
364.419838481031
364.661475265651
364.715757008527
365.959971024538
366.018432005369
367.109343441073
368.692772773907
368.963042768064
369.234200193701
373.089967159661
373.544393333219
374.112805658557
374.447688118871
377.777769737926
378.965945824143
379.224281021272
379.821304178082
380.573898150253
380.589462016324
383.813154382709
384.187693950956
385.497499431135
385.776507557542
386.722348404277
387.245130715656
388.938916402603
389.610407122216
389.797606691743
391.194954484954
391.370366106667
392.668130815206
393.420311322695
394.784928304159
396.203032167224
396.853696344487
398.400566695663
398.568803114726
398.871897449976
401.196824742886
401.201539303798
402.884767644554
404.589778316754
404.744403970808
405.290191958834
405.699235094187
406.131420369821
408.966244322751
409.025457351269
409.505166310549
411.451606160154
411.926601897164
413.335726942363
413.404520623158
413.477366637566
416.236265814003
416.600899215468
416.604384485314
419.856331188175
421.916949763165
422.991716225682
423.142839419714
424.157458154716
424.644229389843
426.951206773374
427.026277800718
427.245403019472
427.798001067771
429.005525494349
430.337120782964
431.945005811123
433.701151162332
434.222505298852
434.85976488301
435.411086168398
435.836656557014
437.259724561221
438.176123127124
438.843253948538
439.503219168666
440.19837182476
441.802729785468
442.531382221439
444.363861648873
446.188526492944
447.513509179718
448.857769856789
448.998457277127
450.162887661166
450.59014479136
452.02541855993
452.675665447733
453.08152835067
453.581148408617
454.902505037971
457.125287426422
457.815181766185
459.418871126995
459.760511923703
460.049231553267
461.44418421517
462.252358642818
462.563403206467
463.108637470604
465.264099632743
465.927188370116
467.427468514358
467.662448026236
467.668582356674
470.293307408439
471.255668772593
471.470039505951
472.773034260961
476.192768349386
476.625444103715
477.152836899541
477.424842229042
479.545397112911
480.420288036541
480.55810984374
482.226948963552
482.979743798402
483.78239817777
484.139113623111
484.783552984099
485.997085820963
487.066665830033
487.586910605538
488.857780378082
489.030467876315
489.44351881471
489.565829692791
491.3511522083
493.850134391315
493.862246671525
496.736651490551
496.837421586934
497.334780374346
497.811688164768