3.10970285826625
3.10970285826625
4.12241280297661
4.12241280297661
6.97043288079501
7.7806944035508
7.7806944035508
8.99064947084884
8.99064947084884
8.99064947084884
8.99064947084884
11.198270139985
15.0315049791151
16.7838137828765
16.7838137828765
19.5981262214632
19.5981262214632
20.6235848321353
20.6235848321353
20.6235848321353
20.6235848321353
20.9384421722033
24.5969257128465
24.5969257128465
25.0818019717304
25.0818019717304
26.7775065650707
26.7775065650707
28.9013630557858
28.9013630557858
34.0644049609188
34.0644049609188
34.0644049609188
34.0644049609188
34.7266505953793
36.2540250190111
39.9823798450347
39.9823798450347
40.0121820667383
40.0121820667383
40.0202216817258
46.1806943023741
46.1806943023741
46.2654344703234
46.2654344703234
46.2654344703234
46.2654344703234
47.5068771123276
51.4796714788925
54.1513061712409
54.1513061712409
54.1741266081527
54.1741266081527
54.1741266081527
54.1741266081527
54.8070510752539
58.1288174783178
58.1288174783178
58.3673958356202
58.3673958356202
59.3587838540207
59.3587838540207
62.6781318762549
64.0663358345703
64.0663358345703
68.956378517827
68.956378517827
69.3975708381639
69.3975708381639
69.3975708381639
69.3975708381639
73.562595061348
73.562595061348
75.314082947827
78.0379505479461
79.3202220963439
79.3202220963439
79.8038258457102
79.8038258457102
84.5725365906766
84.5725365906766
86.2915291183988
86.2915291183988
86.2915291183988
86.2915291183988
88.129944678099
89.3515564479829
89.3515564479829
89.8532963962266
89.8532963962266
89.8532963962266
89.8532963962266
89.9094970064652
89.9094970064652
93.4189617127861
93.5746067776175
99.263897458947
99.263897458947
99.4792822968416
99.4792822968416
103.180274131076
104.210866678694
104.389218159486
105.08798416461
105.08798416461
105.08798416461
105.08798416461
107.915400934093
107.915400934093
113.243229006696
114.616579749107
114.616579749107
114.616579749107
114.616579749107
114.67478527414
114.67478527414
118.316234215472
118.316234215472
120.61202393806
120.61202393806
121.531852258616
121.531852258616
121.790624714024
121.790624714024
128.235996272317
130.839017486226
130.839017486226
130.839017486226
130.839017486226
131.489613272546
131.489613272546
131.772641785974
131.772641785974
133.850391101909
137.274567116753
141.262248485461
141.262248485461
141.262248485461
141.262248485461
143.540957606734
143.540957606734
143.724409144027
143.724409144027
143.791532514117
143.791532514117
147.052842676015
148.451534905577
148.451534905577
148.66376423259
148.66376423259
151.84683233447
151.84683233447
152.881991930756
154.86641617093
154.86641617093
154.86641617093
154.86641617093
155.438465381376
155.438465381376
157.249681651508
159.901854183826
164.507764021083
164.507764021083
164.507764021083
164.507764021083
164.98057566719
165.324757365511
165.324757365511
166.435142978385
166.435142978385
173.905647789321
175.932509875994
180.077262236906
180.077262236906
180.367115422234
180.367115422234
180.367115422234
180.367115422234
181.503147730167
181.503147730167
183.696116703841
183.696116703841
183.696116703841
183.696116703841
185.888659018094
185.888659018094
187.905664051576
189.653587497244
189.653587497244
191.262313621276
191.262313621276
192.590683157404
192.590683157404
193.510496694186
195.237681567199
196.447855430398
199.636275835884
199.636275835884
201.805858538917
201.805858538917
202.839326159047
202.839326159047
202.839326159047
202.839326159047
207.018624565519
208.22849001898
208.22849001898
209.5618237014
210.209934807346
210.209934807346
210.209934807346
210.209934807346
211.684498295996
211.684498295996
212.659540769241
212.659540769241
219.752823126086
219.752823126086
220.55399721953
220.55399721953
221.429132378834
225.417132263208
225.417132263208
226.976409452017
226.976409452017
229.5090412144
229.5090412144
229.5090412144
229.5090412144
229.521810285682
230.824301392387
230.824301392387
233.247103076133
233.247103076133
234.765644349949
234.765644349949
234.765644349949
234.765644349949
237.654246513777
237.654246513777
238.834184159646
239.159001183299
245.600723129859
245.600723129859
246.942883965693
246.942883965693
249.665159296416
249.665159296416
249.665159296416
249.665159296416
252.973727745924
252.973727745924
253.796145462253
253.796145462253
254.799342527119
257.618000586061
260.59034393956
263.064683999208
266.629959901723
266.629959901723
266.629959901723
266.629959901723
267.053881159309
267.084094471842
267.193972217046
267.193972217046
270.15749619379
270.15749619379
270.15749619379
270.15749619379
271.170461851589
271.170461851589
272.242882659883
272.242882659883
274.381883274732
274.381883274732
276.902379788818
280.278029470599
280.278029470599
283.004544917069
283.004544917069
284.021962619445
284.021962619445
285.477714937228
286.67575278661
286.67575278661
286.67575278661
286.67575278661
290.251707224411
290.251707224411
290.314156850573
290.314156850573
290.493974824592
293.210791947795
293.210791947795
294.043432958871
296.169038334346
296.169038334346
296.169038334346
296.169038334346
300.0362894016
300.0362894016
300.0362894016
300.0362894016
305.219836187311
309.493304633132
309.493304633132
309.946665436677
309.946665436677
311.242312194474
311.859781044263
315.228427119955
315.228427119955
316.107605008887
316.107605008887
317.094404184449
317.094404184449
322.77225853828
322.77225853828
323.632095603455
323.632095603455
324.168088985632
324.168088985632
324.168088985632
324.168088985632
326.337710088712
328.616126877502
328.616126877502
331.639899572376
333.19454207589
333.19454207589
334.179714252591
334.554662521131
334.554662521131
335.368447115655
335.368447115655
335.368447115655
335.368447115655
335.423687205664
335.423687205664
347.565221504076
348.072496830116
348.072496830116
348.077699682019
348.077699682019
349.984818618897
349.984818618897
349.984818618897
349.984818618897
350.172207798264
350.491473278567
350.491473278567
353.576579862504
355.890357383667
355.890357383667
357.507689586504
357.507689586504
357.507689586504
357.507689586504
361.081765671845
364.39997063085
366.124925169434
366.124925169434
366.553362020113
366.553362020113
366.593301483945
366.593301483945
366.593301483945
366.593301483945
368.370899845262
368.370899845262
375.253598812029
375.743147590461
375.743147590461
375.846183275084
375.846183275084
377.763249119312
377.763249119312
379.559917480008
379.559917480008
381.747091164541
384.090733643032
384.090733643032
384.090733643032
384.090733643032
385.583241122263
385.583241122263
388.073206054189
389.800709971248
391.961771952718
391.961771952718
391.961771952718
391.961771952718
394.976482174615
395.418119549787
395.418119549787
397.035198031566
399.365963708452
399.365963708452
399.365963708452
399.365963708452
399.72776685317
399.72776685317
399.994632948984
406.281375985723
406.281375985723
406.843378262236
407.565276273646
407.565276273646
411.945709671214
412.148044478587
412.148044478587
416.192534274455
416.865331407444
416.865331407444
417.779030120136
417.779030120136
418.878147619738
418.878147619738
418.878147619738
418.878147619738
422.997633358213
422.997633358213
428.569467328924
428.569467328924
429.826907642113
429.826907642113
429.840593926803
429.840593926803
429.840593926803
429.840593926803
436.237847810963
438.80535173854
438.80535173854
438.80535173854
438.80535173854
439.112616539026
442.634563255572
442.634563255572
442.832000516257
444.059303530356
444.059303530356
444.414044153774
444.414044153774
447.134237466168
447.134237466168
447.310892185112
448.823922697231
448.823922697231
454.511454078099
454.511454078099
454.511454078099
454.511454078099
454.701716087703
454.701716087703
455.769792520373
455.769792520373
456.213098314514
456.213098314514
459.285137802355
461.773797717659
463.582970796944
463.582970796944
469.267248228113
469.267248228113
469.267248228113
469.267248228113
470.875344413035
470.875344413035
471.899609985006
471.899609985006
471.899609985006
471.899609985006
472.116195706923
472.116195706923
474.810257323476
474.833441196493
474.833441196493
475.650922495554
475.650922495554
475.896581521738
478.530205386819
478.530205386819
481.063869431633
483.011977375711
488.786891658905
488.786891658905
489.545201663741
491.198580520536
491.198580520536
492.953937871342
492.953937871342
492.953937871342
492.953937871342
494.472264813344
494.472264813344
496.457814258818